00.0000
-1.0000 01.0000 01.0000 -1.0000 00.0001
01.0000 -0.5313 00.4980 -1.0000 01.0000
-1.0000 -1.0000 -1.0000 -1.0000 00.0001
-1.0000 -1.0000 -1.0000 00.0000 00.6520
-1.0000 -1.0000 01.0000 -0.1564 00.0001
-1.0000 01.0000 01.0000 -1.0000 00.0001
-1.0000 -1.0000 -1.0000 -1.0000 00.0001
-0.4829 -1.0000 -1.0000 01.0000 00.0001
01.0000 00.7190 -1.0000 -1.0000 00.0001
-0.9106 01.0000 01.0000 01.0000 01.0000
-1.0000 01.0000 -1.0000 01.0000 01.0000
01.0000 01.0000 01.0000 -1.0000 00.0401
