00.0000
-1.0000 -1.0000 01.0000 01.0000 01.0000
-1.0000 01.0000 -1.0000 -0.5065 00.1626
-1.0000 01.0000 -1.0000 00.9033 00.0001
-0.9805 00.5690 01.0000 -1.0000 00.0001
-1.0000 -1.0000 -1.0000 00.0902 01.0000
01.0000 -1.0000 00.8450 -1.0000 00.3645
-1.0000 -0.0188 01.0000 -0.1256 00.0001
01.0000 -1.0000 01.0000 01.0000 01.0000
01.0000 -0.5991 -0.1349 -1.0000 00.6666
-1.0000 01.0000 01.0000 -1.0000 00.0001
-1.0000 01.0000 -1.0000 01.0000 00.0878
-1.0000 -0.2874 -1.0000 00.6511 00.0001
