00.0000
-1.0000 01.0000 -1.0000 01.0000 00.0001
00.8513 01.0000 -0.0631 01.0000 00.3297
00.7814 01.0000 -1.0000 -1.0000 00.2988
-1.0000 -0.9893 00.8535 01.0000 01.0000
-1.0000 -1.0000 -1.0000 -0.3873 00.6115
-0.0433 00.1238 01.0000 -0.1078 01.0000
-1.0000 01.0000 00.4789 01.0000 01.0000
01.0000 -1.0000 -0.1439 -1.0000 00.7925
01.0000 01.0000 -0.3701 01.0000 01.0000
-0.9390 -1.0000 01.0000 00.9936 00.0001
01.0000 00.3782 -1.0000 01.0000 00.5697
00.3138 -0.9121 -1.0000 00.6547 00.2971
