   22.00     8.49     8.49     0.00
   21.00     8.55     8.42    -0.70
   20.00     8.68     8.30    -1.14
   19.02     8.88     8.13    -1.52
   18.03     8.02     7.93    -1.82
   17.09    22.00     7.60    -3.26
   16.06    24.00     8.64    13.10
   15.46     7.28    10.97    14.87
   14.26    22.32    10.18    -6.57
   13.66    34.08    12.78    11.21
   14.55     5.69    12.56    25.27
   12.76    30.64    12.07    -9.32
   13.82    28.72    10.63    20.70
   16.25    16.09     9.96    19.17
   16.41    14.83     9.43     4.53
   16.31    14.94     8.92     3.20
   15.63    14.78     8.46     3.39
   14.37    14.87     8.02     2.87
   26.61    15.20     7.59     2.23
   24.42    12.52     7.44     9.54
   22.94    11.76     7.29     5.42
   21.67    11.43     7.14     3.83
   20.52    11.29     7.00     2.82
   19.42    11.26     6.86     2.06
   18.37    11.32     6.71     1.44
   17.34    11.44     6.55     0.91
   16.32    11.63     6.37     0.47
   15.32    11.88     5.32     0.09
   14.32    12.15    24.01    -0.03
   13.54    14.00    25.22    -6.94
   12.78    13.78    26.22    -5.62
   12.12    12.24    28.56    -6.81
   11.76    10.78    33.16   -10.09
   11.97     9.56    31.60   -13.71
   12.81     8.72    30.76   -14.39
   14.69     8.23    19.37   -14.50
   16.52     7.90    14.56    -9.30
   18.32     7.64    13.00    -6.59
   20.29     7.42    12.23    -5.19
   22.30     7.22    11.86    -4.01
   24.14     7.04    11.71    -2.99
   25.19     6.85    11.70    -2.20
   24.08     6.68    11.71    -1.90
   22.94     6.57    11.55    -2.62
   21.81     6.53    11.26    -3.26
   20.71     6.59    10.86    -3.79
   19.64     6.75    10.41    -4.20
   18.63     7.03     9.92    -4.47
   17.66     7.45     9.43    -4.59
   16.74     8.03     8.94    -4.55
   15.86     8.78     8.47    -4.33
   14.99     9.68     8.02    -3.92
   14.11    10.71     7.58    -3.35
   13.23    11.81     7.17    -2.65
   12.31    12.90     6.77    -1.90
   11.36    12.11     6.39    -1.19
   10.47    10.89     5.96    -2.61
