    0.00     0.00    22.00     8.49     8.49     0.00
   -0.00     1.00    21.00     8.55     8.42    -0.70
   -0.01     2.00    20.00     8.68     8.30    -1.14
   -0.03     3.00    19.02     8.88     8.13    -1.52
   -0.07     4.00    18.03     8.02     7.93    -1.82
   -0.13     4.99    17.09    22.00     7.60    -3.26
   -0.22     5.96    16.06    24.00     8.64    13.10
   -0.17     6.93    15.46     7.28    10.97    14.87
    0.05     7.90    14.26    22.32    10.18    -6.57
    0.20     8.87    13.66    34.08    12.78    11.21
    0.45     9.74    14.55     5.69    12.56    25.27
    0.98    10.57    12.76    30.64    12.07    -9.32
    1.39    11.41    13.82    28.72    10.63    20.70
    2.00    12.13    16.25    16.09     9.96    19.17
    2.79    12.74    16.41    14.83     9.43     4.53
    3.61    13.30    16.31    14.94     8.92     3.20
    4.46    13.83    15.63    14.78     8.46     3.39
    5.32    14.33    14.37    14.87     8.02     2.87
    6.20    14.80    26.61    15.20     7.59     2.23
    7.09    15.24    24.42    12.52     7.44     9.54
    8.02    15.59    22.94    11.76     7.29     5.42
    8.98    15.87    21.67    11.43     7.14     3.83
    9.95    16.12    20.52    11.29     7.00     2.82
   10.92    16.33    19.42    11.26     6.86     2.06
   11.90    16.51    18.37    11.32     6.71     1.44
   12.89    16.69    17.34    11.44     6.55     0.91
   13.88    16.85    16.32    11.63     6.37     0.47
   14.86    17.00    15.32    11.88     5.32     0.09
   15.85    17.16    14.32    12.15    24.01    -0.03
   16.83    17.31    13.54    14.00    25.22    -6.94
   17.80    17.54    12.78    13.78    26.22    -5.62
   18.75    17.84    12.12    12.24    28.56    -6.81
   19.66    18.20    11.76    10.78    33.16   -10.09
   20.52    18.67    11.97     9.56    31.60   -13.71
   21.28    19.26    12.81     8.72    30.76   -14.39
   21.94    19.97    14.69     8.23    19.37   -14.50
   22.48    20.79    16.52     7.90    14.56    -9.30
   22.94    21.68    18.32     7.64    13.00    -6.59
   23.32    22.60    20.29     7.42    12.23    -5.19
   23.65    23.54    22.30     7.22    11.86    -4.01
   23.93    24.50    24.14     7.04    11.71    -2.99
   24.18    25.46    25.19     6.85    11.70    -2.20
   24.41    26.44    24.08     6.68    11.71    -1.90
   24.61    27.41    22.94     6.57    11.55    -2.62
   24.79    28.40    21.81     6.53    11.26    -3.26
   24.93    29.38    20.71     6.59    10.86    -3.79
   25.02    30.38    19.64     6.75    10.41    -4.20
   25.07    31.37    18.63     7.03     9.92    -4.47
   25.06    32.37    17.66     7.45     9.43    -4.59
   25.00    33.37    16.74     8.03     8.94    -4.55
   24.89    34.36    15.86     8.78     8.47    -4.33
   24.72    35.34    14.99     9.68     8.02    -3.92
   24.52    36.32    14.11    10.71     7.58    -3.35
   24.27    37.29    13.23    11.81     7.17    -2.65
   24.00    38.25    12.31    12.90     6.77    -1.90
   23.70    39.20    11.36    12.11     6.39    -1.19
   23.39    40.15    10.47    10.89     5.96    -2.61
