-0.3763
00.6323 -0.6582 -0.9187 00.4814 00.1301
00.9297 -0.0678 -0.0471 -0.9007 -0.7621
00.2016 00.5879 -0.3181 00.6509 00.6683
-0.9245 -0.1960 00.5032 -0.4201 -0.3328
00.9090 -0.7902 00.2313 00.0217 00.9488
00.8998 -0.6813 00.8901 -0.2521 -0.7696
-0.9581 00.8129 00.0537 -0.2375 00.5537
-0.9269 -0.9746 -0.7087 -0.0744 -0.8450
00.5344 00.7694 -0.2276 -0.8684 00.3046
00.7561 00.9770 -0.5274 00.1040 -0.3569
00.0843 00.5593 -0.9479 -0.0496 -0.2741
00.5011 00.0507 00.1908 00.7939 -0.2053
