-0.2875
00.8098 -0.7430 -0.8175 00.1964 -0.4915 -0.9058 -0.4282
-0.3054 00.7458 00.1327 -0.2701 00.2958 00.9795 -0.8489
-0.2275 -0.1984 00.9048 -0.5714 00.2110 -0.8929 00.8745
-0.8533 -0.8847 -0.4300 -0.2372 -0.8639 -0.4526 -0.7437
00.9112 00.1187 -0.5541 -0.7866 00.8650 -0.2677 00.1845
00.7079 -0.9251 -0.0281 -0.7394 00.1436 -0.9551 00.9585
00.8622 00.4058 00.7664 00.7303 00.0182 -0.2214 -0.0595
-0.5004 00.8432 00.9428 -0.9659 -0.7641 -0.6443 -0.8489
00.9330 -0.7770 -0.5362 -0.2210 00.4589 -0.8368 00.9893
-0.0872 -0.6933 00.1588 -0.9121 00.9068 00.5572 00.4344
-0.8607 00.4055 00.4350 -0.1600 00.3144 00.6878 -0.1986
00.3555 00.4432 00.1950 -0.0317 00.2206 00.7832 -0.1308
00.8784 -0.6647 -0.4952 00.2577 00.5017 00.7566 -0.2412
00.6257 00.9359 00.1570 00.7176 00.4164 -0.9840 00.4779
-0.7956 -0.4388 00.2257 00.7644 -0.4632 00.9966 00.8872
00.9734 -0.6799 00.2979 -0.0132 00.2484 -0.9963 -0.1776
00.7150 -0.9148 00.8721 -0.0986 -0.7709 -0.4843 -0.9442
00.0031 -0.4029 -0.3714 00.4591 -0.6014 -0.5308 00.5900
