    0.00     0.00    22.00     8.49     8.49     0.00
   -0.00     1.00    21.00     8.49     8.49    -0.00
   -0.00     2.00    20.00     8.49     8.49    -0.00
   -0.00     3.00    19.00     8.49     8.49    -0.00
   -0.00     4.00    18.00     8.49     8.49    -0.00
   -0.00     5.00    17.00    24.04     8.49    -0.00
   -0.00     5.77    16.28     7.92     9.20    40.00
    0.07     6.76    15.27    23.09     9.20    -5.13
    0.12     7.52    14.62    22.39    10.17    40.00
    0.23     8.28    14.04    35.39    11.52    40.00
    0.39     9.03    13.53    33.68    13.42    40.00
    0.61     9.77    13.09    32.21    13.41    40.00
    0.88    10.48    12.72    30.96    12.25    40.00
    1.21    11.17    12.43    29.89    11.24    40.00
    1.58    11.84    12.21    28.98    10.36    40.00
    2.01    12.48    12.08    28.20     9.59    40.00
    2.48    13.08    12.05    27.55     8.93    40.00
    3.00    13.65    12.14    27.01     8.35    40.00
    3.55    14.18    12.38    26.59     7.86    40.00
    4.15    14.66    12.83    26.26     7.45    40.00
    4.77    15.10    13.56    20.51     7.12    40.00
    5.43    15.49    14.02    17.14     6.87    40.00
    6.12    15.83    25.76    14.94     6.70    40.00
    6.90    16.14    24.35    13.72     6.55    32.94
    7.73    16.42    23.08    12.92     6.43    28.70
    8.60    16.66    21.90    12.32     6.35    25.97
    9.49    16.85    20.80    11.82     6.32    23.86
   10.41    17.01    19.75    11.40     6.33    22.02
   11.34    17.12    18.73    11.03     6.39    20.28
   12.28    17.20    17.74    10.69     6.49    18.55
   13.24    17.24    16.76    10.38     6.64    16.78
   14.20    17.26    15.80    10.09    21.96    14.95
   14.97    17.24    15.06    10.89    22.59   -40.00
   15.73    17.29    14.39    11.99    23.48   -40.00
   16.49    17.39    13.80    13.52    24.71   -40.00
   17.24    17.55    13.28    14.56    26.44   -40.00
   17.98    17.76    12.83    13.22    28.92   -40.00
   18.70    18.03    12.44    12.05    32.62   -40.00
   19.39    18.35    12.13    11.03    32.93   -40.00
   20.06    18.72    11.89    10.15    31.95   -40.00
   20.70    19.14    11.73     9.38    31.12   -40.00
   21.31    19.61    11.67     8.70    30.44   -40.00
   21.88    20.12    11.72     8.12    29.89   -40.00
   22.41    20.67    11.91     7.62    29.46   -40.00
   22.90    21.26    12.29     7.20    29.02   -40.00
   23.34    21.89    12.93     6.86    22.07   -40.00
   23.74    22.54    13.94     6.60    18.28   -40.00
   24.08    23.23    15.52     6.41    15.84   -40.00
   24.38    23.96    17.85     6.29    14.23   -37.71
   24.65    24.77    20.89     6.19    13.23   -31.77
   24.88    25.62    24.90     6.13    12.52   -28.19
   25.06    26.50    23.78     6.12    11.95   -25.55
   25.20    27.41    22.72     6.16    11.48   -23.33
   25.30    28.33    21.71     6.25    11.07   -21.28
   25.36    29.28    20.73     6.39    10.70   -19.28
   25.39    30.23    19.77     6.57    10.37   -17.26
   25.38    31.20    18.82     6.80    10.06   -15.19
   25.34    32.17    17.87     7.05     9.78   -13.06
   25.28    33.15    16.91     7.33     9.51   -10.90
   25.19    34.13    15.95     7.63     9.26    -8.71
   25.09    35.12    14.98     7.92     9.04    -6.55
   24.98    36.11    14.00     8.20     8.82    -4.46
   24.85    37.10    13.01     8.46     8.63    -2.49
   24.72    38.10    12.01     8.69     8.46    -0.67
   24.59    39.09    11.01     8.89     8.30     0.94
   24.46    40.08    10.00     9.05     8.17     2.34
