   22.00     8.49     8.49     0.00
   21.00     8.49     8.49    -0.00
   20.00     8.49     8.49    -0.00
   19.00     8.49     8.49    -0.00
   18.00     8.49     8.49    -0.00
   17.00    24.04     8.49    -0.00
   16.28     7.92     9.20    40.00
   15.27    23.09     9.20    -5.13
   14.62    22.39    10.17    40.00
   14.04    35.39    11.52    40.00
   13.53    33.68    13.42    40.00
   13.09    32.21    13.41    40.00
   12.72    30.96    12.25    40.00
   12.43    29.89    11.24    40.00
   12.21    28.98    10.36    40.00
   12.08    28.20     9.59    40.00
   12.05    27.55     8.93    40.00
   12.14    27.01     8.35    40.00
   12.38    26.59     7.86    40.00
   12.83    26.26     7.45    40.00
   13.56    20.51     7.12    40.00
   14.02    17.14     6.87    40.00
   25.76    14.94     6.70    40.00
   24.35    13.72     6.55    32.94
   23.08    12.92     6.43    28.70
   21.90    12.32     6.35    25.97
   20.80    11.82     6.32    23.86
   19.75    11.40     6.33    22.02
   18.73    11.03     6.39    20.28
   17.74    10.69     6.49    18.55
   16.76    10.38     6.64    16.78
   15.80    10.09    21.96    14.95
   15.06    10.89    22.59   -40.00
   14.39    11.99    23.48   -40.00
   13.80    13.52    24.71   -40.00
   13.28    14.56    26.44   -40.00
   12.83    13.22    28.92   -40.00
   12.44    12.05    32.62   -40.00
   12.13    11.03    32.93   -40.00
   11.89    10.15    31.95   -40.00
   11.73     9.38    31.12   -40.00
   11.67     8.70    30.44   -40.00
   11.72     8.12    29.89   -40.00
   11.91     7.62    29.46   -40.00
   12.29     7.20    29.02   -40.00
   12.93     6.86    22.07   -40.00
   13.94     6.60    18.28   -40.00
   15.52     6.41    15.84   -40.00
   17.85     6.29    14.23   -37.71
   20.89     6.19    13.23   -31.77
   24.90     6.13    12.52   -28.19
   23.78     6.12    11.95   -25.55
   22.72     6.16    11.48   -23.33
   21.71     6.25    11.07   -21.28
   20.73     6.39    10.70   -19.28
   19.77     6.57    10.37   -17.26
   18.82     6.80    10.06   -15.19
   17.87     7.05     9.78   -13.06
   16.91     7.33     9.51   -10.90
   15.95     7.63     9.26    -8.71
   14.98     7.92     9.04    -6.55
   14.00     8.20     8.82    -4.46
   13.01     8.46     8.63    -2.49
   12.01     8.69     8.46    -0.67
   11.01     8.89     8.30     0.94
   10.00     9.05     8.17     2.34
