   22.00     8.49     8.49     0.00
   21.00     8.42     8.55     0.64
   20.00     8.37     8.61     0.45
   19.00     8.32     8.65     0.27
   18.00     8.29     8.69     0.11
   17.00     7.19     8.71    -0.04
   16.00    22.73     8.63    -1.05
   15.22    36.95    10.36    13.31
   15.94     6.07    14.85    28.10
   14.31    31.90    14.44    -8.33
   14.91     5.07    12.64    18.04
   13.26    29.53    12.02    -6.80
   14.17    28.04    10.77    17.36
   16.22    16.60    10.08    16.87
   16.72    13.89     9.57     5.89
   16.12    13.65     9.08     3.89
   28.41    13.28     8.65     4.07
   26.59    12.46     8.31     5.15
   24.98    11.93     8.02     4.66
   23.52    11.53     7.79     4.38
   22.17    11.18     7.60     4.15
   20.91    10.88     7.47     3.91
   19.72    10.61     7.38     3.66
   18.59    10.36     7.34     3.39
   17.50    10.14     7.33     3.10
   16.44     9.93     6.85     2.79
   15.40     9.69    23.19     2.94
   14.79    12.26    27.25   -14.49
   14.75    14.42     5.68   -16.57
   13.29    13.99    28.62     7.66
   13.41    12.09    33.80   -16.14
   15.32    10.86    32.13   -23.22
   20.47    10.57     3.61   -23.19
   17.14     9.88    12.57     6.92
   16.93     9.36    13.41    -2.71
   17.21     8.91    13.12    -4.05
   17.70     8.51    12.78    -4.12
   18.41     8.17    12.45    -4.07
   19.40     7.87    12.14    -3.99
   20.74     7.62    11.85    -3.86
   22.54     7.41    11.59    -3.71
   24.25     7.25    11.34    -3.53
   23.04     7.13    11.11    -3.35
   21.88     7.05    10.87    -3.23
   20.76     7.02    10.64    -3.08
   19.68     7.02    10.41    -2.91
   18.63     7.07    10.18    -2.72
   17.60     7.15     9.96    -2.51
   16.58     7.27     9.75    -2.28
   15.58     7.42     9.55    -2.05
   14.59     7.58     9.35    -1.81
   13.60     7.77     9.16    -1.56
   12.61     7.97     8.97    -1.32
   11.62     8.18     8.79    -1.08
   10.62     8.38     8.63    -0.86
    9.63     8.58     8.46    -0.65
