    0.00     0.00    22.00     8.49     8.49     0.00
    0.00     1.00    21.00     8.42     8.55     0.64
    0.01     2.00    20.00     8.37     8.61     0.45
    0.02     3.00    19.00     8.32     8.65     0.27
    0.04     4.00    18.00     8.29     8.69     0.11
    0.05     5.00    17.00     7.19     8.71    -0.04
    0.07     6.00    16.00    22.73     8.63    -1.05
    0.07     6.97    15.22    36.95    10.36    13.31
    0.21     7.84    15.94     6.07    14.85    28.10
    0.67     8.72    14.31    31.90    14.44    -8.33
    1.02     9.60    14.91     5.07    12.64    18.04
    1.58    10.43    13.26    29.53    12.02    -6.80
    2.04    11.26    14.17    28.04    10.77    17.36
    2.67    11.99    16.22    16.60    10.08    16.87
    3.45    12.60    16.72    13.89     9.57     5.89
    4.27    13.16    16.12    13.65     9.08     3.89
    5.12    13.69    28.41    13.28     8.65     4.07
    6.00    14.17    26.59    12.46     8.31     5.15
    6.90    14.60    24.98    11.93     8.02     4.66
    7.82    14.97    23.52    11.53     7.79     4.38
    8.76    15.31    22.17    11.18     7.60     4.15
    9.71    15.59    20.91    10.88     7.47     3.91
   10.68    15.83    19.72    10.61     7.38     3.66
   11.66    16.04    18.59    10.36     7.34     3.39
   12.64    16.20    17.50    10.14     7.33     3.10
   13.64    16.33    16.44     9.93     6.85     2.79
   14.63    16.42    15.40     9.69    23.19     2.94
   15.60    16.48    14.79    12.26    27.25   -14.49
   16.53    16.70    14.75    14.42     5.68   -16.57
   17.43    17.10    13.29    13.99    28.62     7.66
   18.34    17.41    13.41    12.09    33.80   -16.14
   19.14    17.87    15.32    10.86    32.13   -23.22
   19.79    18.51    20.47    10.57     3.61   -23.19
   20.29    19.38    17.14     9.88    12.57     6.92
   20.85    20.20    16.93     9.36    13.41    -2.71
   21.39    21.04    17.21     8.91    13.12    -4.05
   21.89    21.90    17.70     8.51    12.78    -4.12
   22.35    22.79    18.41     8.17    12.45    -4.07
   22.76    23.70    19.40     7.87    12.14    -3.99
   23.14    24.62    20.74     7.62    11.85    -3.86
   23.47    25.56    22.54     7.41    11.59    -3.71
   23.76    26.52    24.25     7.25    11.34    -3.53
   24.01    27.48    23.04     7.13    11.11    -3.35
   24.22    28.46    21.88     7.05    10.87    -3.23
   24.39    29.44    20.76     7.02    10.64    -3.08
   24.53    30.43    19.68     7.02    10.41    -2.91
   24.64    31.43    18.63     7.07    10.18    -2.72
   24.71    32.42    17.60     7.15     9.96    -2.51
   24.76    33.42    16.58     7.27     9.75    -2.28
   24.78    34.42    15.58     7.42     9.55    -2.05
   24.78    35.42    14.59     7.58     9.35    -1.81
   24.75    36.42    13.60     7.77     9.16    -1.56
   24.71    37.42    12.61     7.97     8.97    -1.32
   24.65    38.41    11.62     8.18     8.79    -1.08
   24.58    39.41    10.62     8.38     8.63    -0.86
   24.49    40.41     9.63     8.58     8.46    -0.65
